6663666663
6636667777
1711171111
7111271111
1166211112
6626676766
6666666666
6676766676
6767676722
2222222222

1111111111
1111111111
1111111111
1111111111
1111111111
1111111111
1111111111
1116611168
0776767699
6666666666

6669676661
1559676767
6666666666
6666666111
1111666661
9911111666
6666611616
7166696966
9966166667
6066666616

1661116262
1616161666
6616616467
6766666666
7626627777
6176116116
2616610666
1111111117
6766666666
6666666666

0000767661
1111111111
1111111111
1111111111
1111111111
9111111111
1111111111
9111111111
1111111111
1111111111




