9955555999
9999999999
9999995555
5555599990
0006666966
6060666066
0606666666
6653336666
6666677677
7777777775

9999977560
6005555555
5555555555
5555555575
5777707798
8776766668
8888666666
9555556666
6533335558
8888777666

6666666666
5555555555
5576666676
6666677788
8888888855
5557777777
7557775555
8885858888
7777777755
5555555777

6756565755
5555575555
5555555555
5555557777
7777777777
7777777778
8888888866
6666766666
6060660660
6060600000

6866777776
6666666666
6676767676
7676767676
6767666666
6666666666
5555555557
7776666656
6566586656
8566558888





